0
0
0
0
0
0
0
0
0
0
0
0
0
0
0
0
0
-12.6599
-12.6599
-12.6599
-12.6599
-12.6599
-12.6599
-12.6599
-12.6599
-12.6599
-12.6599
-12.6599
-12.6599
-12.6599
9.58145
9.58145
9.58145
9.58145
9.58145
9.58145
9.58145
9.58145
9.58145
9.58145
9.58145
9.58145
9.58145
9.58145
9.58145
9.58145
9.58145
9.58145
9.58145
9.58145
-19.4936
-19.4936
-19.4936
-19.4936
-19.4936
-19.4936
-19.4936
-19.4936
-19.4936
-19.4936
-19.4936
-19.4936
-19.4936
-19.4936
-19.4936
-19.4936
-19.4936
-19.4936
-19.4936
-19.4936
-19.4936
-19.4936
-19.4936
-19.4936
-19.4936
-19.4936
-19.4936
-19.4936
-19.4936
-19.4936
-7.97414
-7.97414
-7.97414
-7.97414
-7.97414
-7.97414
-7.97414
-7.97414
-7.97414
-7.97414
-7.97414
-7.97414
-7.97414
-7.97414
-7.97414
2.25339
2.25339
2.25339
2.25339
0
0
0
0
0
0
0
0
